010702450162
053554840887
042049052441
087784256193
086251340342
008778161286
022062423811
075825020079
084115783267
028451920335
033274256019
043128945391
021535223338
080089585582
032184353144
037763985478
060358642040
027256487850
005254755121
039678968142
197706758428
150114724514
163894974180
232732773252
226035580226
099187619535
105992883864
120042027612
184080783971
160881852545
224841150001
244659329793
198934907483
142403501790
166691806987
194581977688
136970294778
194372423437
227442159135
151835683908
282336477100
330833104165
249220106277
275422901773
309601214025
301142167263
308123336084
257081943742
250381864649
345324576657
248375668242
333694438565
250296770581
255574988427
264504024622
292226963480
324542794353
351525835562
247629012762
296796116811
407891752086
395764578636
387995993427
415650686195
382327085079
419978420458
386528483832
396034584212
356603549595
381016530069
390649398126
414416049412
403818245815
435280699398
355821227184
388307992521
444349928991
359559943637
375324333314
372410416578
481317665369
521806413395
444631113727
478367555077
454975748307
495507245653
461003781142
465876546460
519387215899
512988384188
498431219228
503823555998
468556483084
472020913077
464352749841
507141760995
468888491704
473246089322
446956531543
518669751214
540016069571
598601663869
588733158692
551703027539
569703592378
596466696145
540514666886
554593710552
561354826865
546220171948
573663913935
574016068037
581047721251
550606131627
531774107148
569538890738
550286991372
582163307378
535246373728
584975343431
602555627148
605616671226
615153935553
635711871324
612158176009
621035147227
601733770089
623762343717
607633856431
607141945416
627189255393
601139737156
604783337126
620114062418
635640809981
598639771668
619936063158
619791710809
615517506314
627087152369
661026329952
700219370997
706289629561
640638953544
661095563933
723671540166
685002669927
726140231968
723999785796
685568271194
674846217201
657780108927
704209175600
666329801031
685592307459
653802930149
696849884173
643594407204
674590631311
694790921738
832277455258
739978931698
809861251786
748123535142
801576610991
767293780130
791872996500
801608760804
787340789254
800163516219
737181237281
779560141542
773276885028
778833475974
776043761097
737117621672
768595695627
793635095245
794955596726
779745806972
925453729031
884623914718
898625818005
898096951067
932565449200
916072950146
924787625302
895094412315
917464402502
924702550989
851794344194
922464300423
896732365548
876196380750
857778068963
867356906132
912136289108
859715998427
895423741498
926807335769
947444439582
964723527792
983602247132
992855937956
947214624140
203710007030
234007006068
114700902027
648302924964
984338653042
