005254755121
008778161286
010702450162
027256487850
028451920335
033274256019
037763985478
042049052441
060358642040
086251340342
087784256193
099187619535
151835683908
194372423437
197706758428
227442159135
232732773252
247629012762
255574988427
275422901773
282336477100
292226963480
309601214025
333694438565
355821227184
359559943637
372410416578
375324333314
381016530069
386528483832
387995993427
388307992521
390649398126
403818245815
407891752086
414416049412
415650686195
419978420458
435280699398
444349928991
444631113727
446956531543
461003781142
468556483084
472020913077
495507245653
498431219228
512988384188
519387215899
540514666886
550286991372
551703027539
554593710552
561354826865
569703592378
573663913935
582163307378
584975343431
601139737156
612158176009
615153935553
620114062418
623762343717
627189255393
635711871324
657780108927
666329801031
685002669927
685592307459
694790921738
696849884173
706289629561
723671540166
726140231968
737181237281
739978931698
748123535142
773276885028
776043761097
779560141542
779745806972
787340789254
791872996500
801576610991
801608760804
851794344194
859715998427
867356906132
876196380750
884623914718
895094412315
898625818005
916072950146
922464300423
924702550989
924787625302
926807335769
932565449200
947214624140
947444439582
964723527792
